1 0 0 0 0 1 0 0 0 0 1 0
1 1.24324e-08 8.65317e-09 4.19653e-10 -1.24324e-08 1 7.17819e-08 1.48325e-08 -8.65317e-09 -7.17819e-08 1 -2.89088e-09
0.999996 0.00294573 2.48534e-05 -0.0117969 -0.00294577 0.999994 0.00164936 -0.00611935 -1.99947e-05 -0.00164942 0.999999 0.510849
0.999986 0.00538003 -9.04449e-05 -0.0283178 -0.00537981 0.999983 0.00229911 -0.0198955 0.000102813 -0.00229859 0.999997 1.24108
0.999982 0.00590692 0.000504486 -0.0433739 -0.00590779 0.999981 0.00172954 -0.0490046 -0.00049426 -0.00173249 0.999998 2.23138
0.999971 0.0074824 0.00136977 -0.0429024 -0.00748452 0.999971 0.00154567 -0.0667047 -0.00135816 -0.00155588 0.999998 3.00233
0.999965 0.00819311 0.00150179 -0.0453074 -0.00819559 0.999965 0.00164876 -0.091893 -0.00148822 -0.00166101 0.999998 3.72168
0.99996 0.00859265 0.00243984 -0.0649074 -0.00859915 0.999959 0.00266583 -0.106864 -0.00241684 -0.00268671 0.999993 4.42182
0.999945 0.0100669 0.00297707 -0.0487345 -0.0100818 0.999936 0.00503716 -0.124167 -0.00292617 -0.0050669 0.999983 5.12098
0.999943 0.00977855 0.0041745 -0.0437867 -0.00981584 0.999911 0.00900846 -0.136181 -0.00408604 -0.00904893 0.999951 5.79486
0.999951 0.00860481 0.00493329 -0.048681 -0.0086639 0.999889 0.0120848 -0.14818 -0.00482875 -0.012127 0.999915 6.42717
0.999956 0.00781038 0.00513927 -0.0435416 -0.00788048 0.999874 0.013765 -0.158878 -0.00503111 -0.0138049 0.999892 7.0173
0.999947 0.00808034 0.00639481 -0.0539827 -0.00817036 0.999866 0.0141793 -0.172636 -0.00627938 -0.0142308 0.999879 7.6101
0.999929 0.00918359 0.00753359 -0.0625524 -0.00927671 0.99988 0.0124198 -0.184538 -0.00741863 -0.0124888 0.999894 8.15453
0.999922 0.00887116 0.00882866 -0.0579456 -0.00895619 0.999913 0.00963863 -0.187002 -0.00874239 -0.00971695 0.999915 8.67449
0.999922 0.00767152 0.00989373 -0.0491148 -0.00775226 0.999937 0.00814869 -0.192211 -0.0098306 -0.00822475 0.999918 9.18941
0.99992 0.00417536 0.011915 -0.0396376 -0.00425254 0.99997 0.00645956 -0.20775 -0.0118877 -0.00650971 0.999908 9.68793
0.999912 0.00260893 0.0130313 -0.0365866 -0.00267789 0.999982 0.00527709 -0.224406 -0.0130173 -0.00531152 0.999901 10.1163
0.999859 0.00694192 0.0152854 -0.0405677 -0.00698766 0.999971 0.00294103 -0.229144 -0.0152645 -0.00304742 0.999879 10.5127
0.99976 0.0104514 0.0192426 -0.0469221 -0.010505 0.999941 0.00268757 -0.245955 -0.0192134 -0.00288907 0.999811 10.9026
0.999688 0.0114359 0.0222018 -0.0333424 -0.011509 0.999929 0.00316487 -0.247325 -0.022164 -0.0034194 0.999749 11.253
0.999638 0.00750745 0.0258518 -0.0216685 -0.00760987 0.999964 0.00386557 -0.249476 -0.0258219 -0.0040609 0.999658 11.5713
0.999605 0.00307293 0.0279412 -0.00244147 -0.0031717 0.999989 0.00349122 -0.256773 -0.0279301 -0.00357846 0.999603 11.8497
0.999529 -0.000371796 0.0306902 0.014323 0.000214529 0.999987 0.00512748 -0.266359 -0.0306917 -0.00511848 0.999516 12.1147
0.999459 -0.00140747 0.0328684 0.0366376 0.0012142 0.999982 0.00589915 -0.275323 -0.0328761 -0.00585604 0.999442 12.3562
0.99938 -0.000331742 0.0352097 0.0402669 0.000154347 0.999987 0.00504083 -0.277372 -0.0352109 -0.00503227 0.999367 12.5567
0.999321 -0.000400438 0.0368402 0.0442033 0.000245324 0.999991 0.00421486 -0.283002 -0.0368416 -0.00420296 0.999312 12.7122
0.999218 0.00188457 0.0395041 0.0263626 -0.00202292 0.999992 0.00346249 -0.283377 -0.0394973 -0.00353969 0.999213 12.8554
0.999124 0.00472251 0.0415812 0.0234082 -0.00484346 0.999984 0.0028086 -0.293532 -0.0415673 -0.00300754 0.999131 13.0229
0.999075 0.00545909 0.0426587 0.0339972 -0.00554785 0.999983 0.00196262 -0.296232 -0.0426473 -0.00219747 0.999088 13.1697
0.998985 0.00506028 0.0447493 0.0476987 -0.00507684 0.999987 0.000256285 -0.298417 -0.0447475 -0.00048321 0.998998 13.3589
0.998925 0.00414782 0.0461703 0.0638145 -0.00411236 0.999991 -0.000863007 -0.30216 -0.0461735 0.000672211 0.998933 13.4863
0.998851 0.00367799 0.0477805 0.0616308 -0.00357236 0.999991 -0.00229593 -0.305858 -0.0477885 0.00212261 0.998855 13.6227
0.998783 0.00392067 0.0491581 0.0653621 -0.00375363 0.999987 -0.00349002 -0.308286 -0.0491712 0.00330125 0.998785 13.7541
0.998692 0.00458415 0.0509242 0.0604824 -0.00432965 0.999978 -0.00510685 -0.307403 -0.0509465 0.00487969 0.998689 13.8683
0.99867 0.00472376 0.0513345 0.0724274 -0.00437009 0.999966 -0.00699946 -0.309282 -0.0513658 0.00676582 0.998657 13.9905
0.998612 0.00429298 0.0524994 0.0744204 -0.0038059 0.999949 -0.00937431 -0.309243 -0.052537 0.00916148 0.998577 14.1264
0.998664 0.00336336 0.0515706 0.087351 -0.00276531 0.999928 -0.0116638 -0.314808 -0.0516061 0.0115056 0.998601 14.2837
0.99878 0.0028453 0.049309 0.0938957 -0.00221476 0.999915 -0.0128374 -0.319381 -0.0493413 0.0127126 0.998701 14.4058
0.998923 0.00289653 0.0463186 0.0988073 -0.00227267 0.999906 -0.0135159 -0.320031 -0.0463534 0.0133961 0.998835 14.5188
0.999075 0.00349271 0.0428562 0.0984321 -0.00285825 0.999886 -0.0148568 -0.323105 -0.0429032 0.0147206 0.998971 14.641
0.999288 0.00350345 0.0375676 0.0916841 -0.00291535 0.999873 -0.0156979 -0.325485 -0.0376178 0.0155772 0.999171 14.765
0.999517 0.00308787 0.0309307 0.0876402 -0.00257562 0.999859 -0.0165874 -0.337116 -0.0309776 0.0164997 0.999384 14.8881
0.999716 0.00327307 0.0236133 0.0887483 -0.00286325 0.999845 -0.0173689 -0.345211 -0.0236665 0.0172963 0.99957 15.0144
0.999871 0.00328132 0.015754 0.0842398 -0.00299526 0.999831 -0.0181472 -0.348489 -0.0158109 0.0180977 0.999711 15.1169
0.999979 0.00277351 0.00592928 0.091483 -0.00265807 0.999808 -0.0193905 -0.355842 -0.00598192 0.0193743 0.999794 15.2613
0.999978 0.00182333 -0.00631194 0.0878167 -0.00195503 0.999779 -0.0209221 -0.362332 0.0062724 0.020934 0.999761 15.4115
0.999758 0.000266954 -0.0219751 0.0736565 -0.000774639 0.999733 -0.0230975 -0.374818 0.0219631 0.0231089 0.999492 15.6006
0.999117 0.000275373 -0.0420115 0.0500313 -0.00129201 0.999707 -0.0241739 -0.389562 0.0419925 0.0242068 0.998825 15.7843
0.997994 0.00121823 -0.0633012 0.0224758 -0.00271492 0.999719 -0.0235634 -0.403381 0.0632547 0.023688 0.997716 15.9683
0.996253 0.00185553 -0.0864617 -0.0208401 -0.00381505 0.999739 -0.0225038 -0.420399 0.0863974 0.0227493 0.996001 16.1917
0.99364 0.00279013 -0.112569 -0.0695127 -0.00523832 0.999756 -0.0214584 -0.436392 0.112482 0.0219115 0.993412 16.4526
0.989665 0.00345197 -0.143356 -0.133535 -0.00635988 0.999783 -0.0198313 -0.451866 0.143256 0.0205381 0.989473 16.6858
0.984411 0.00394586 -0.17584 -0.182571 -0.00699727 0.999835 -0.0167367 -0.476153 0.175745 0.0177062 0.984277 16.9539
0.977064 0.00518063 -0.212884 -0.246691 -0.00810063 0.999885 -0.0128464 -0.497841 0.212793 0.0142763 0.976993 17.231
0.967708 0.00717054 -0.251972 -0.32164 -0.0093989 0.999927 -0.00764124 -0.518877 0.251899 0.00976275 0.967704 17.4953
0.95586 0.0111993 -0.293609 -0.456497 -0.0126386 0.999916 -0.0030051 -0.529083 0.293551 0.00658326 0.955921 17.7826
0.941691 0.0146166 -0.336162 -0.596609 -0.0146635 0.99989 0.00239915 -0.557141 0.33616 0.00267004 0.941801 18.051
0.925659 0.0169304 -0.37798 -0.737819 -0.0151915 0.999856 0.00758208 -0.575944 0.378054 -0.00127636 0.925783 18.3434
0.906528 0.0208928 -0.421628 -0.90199 -0.0161556 0.99976 0.0148051 -0.595611 0.421836 -0.00660958 0.906648 18.668
0.884965 0.0248278 -0.464996 -1.07586 -0.0171076 0.999637 0.0208157 -0.615447 0.465344 -0.0104661 0.885068 18.9835
0.860453 0.0292239 -0.508691 -1.30568 -0.0187632 0.999494 0.0256821 -0.626204 0.509184 -0.0125536 0.860566 19.2375
0.832928 0.0326892 -0.552415 -1.53016 -0.020141 0.999383 0.0287701 -0.643702 0.553015 -0.0128372 0.833073 19.5408
0.80288 0.0360475 -0.59505 -1.77257 -0.0222596 0.999287 0.0305016 -0.645806 0.595725 -0.0112436 0.80311 19.7976
0.769475 0.039815 -0.637435 -2.05679 -0.0236531 0.999147 0.0338554 -0.655899 0.638239 -0.0109736 0.76976 20.0656
0.732738 0.0442797 -0.679069 -2.39273 -0.0254727 0.998966 0.0376533 -0.651576 0.680034 -0.0102922 0.733108 20.3184
0.69492 0.045627 -0.717638 -2.69868 -0.0234574 0.998892 0.0407942 -0.656543 0.718704 -0.0115147 0.695221 20.5806
0.653914 0.0461545 -0.75516 -3.07303 -0.0212982 0.998865 0.0426068 -0.669941 0.756269 -0.0117776 0.654155 20.8642
0.611624 0.045594 -0.789834 -3.43975 -0.0162932 0.998852 0.0450428 -0.67103 0.790981 -0.0146804 0.611665 21.1175
0.567286 0.0459717 -0.822236 -3.84434 -0.0113171 0.998782 0.0480344 -0.677494 0.823443 -0.017944 0.567115 21.3288
0.520637 0.0473042 -0.852467 -4.2728 -0.00969895 0.998727 0.0494967 -0.666177 0.853723 -0.0175018 0.520433 21.5752
0.471164 0.0470195 -0.880791 -4.71177 -0.00858784 0.998775 0.0487239 -0.651451 0.882004 -0.0153929 0.470991 21.7531
0.418822 0.0466584 -0.906869 -5.18108 -0.00400767 0.998764 0.0495355 -0.650932 0.90806 -0.0171121 0.418491 21.9376
0.366279 0.0463667 -0.929349 -5.70298 0.00105386 0.998736 0.0502438 -0.639662 0.930505 -0.0193826 0.365767 22.0755
0.312676 0.0464174 -0.948725 -6.20584 0.00291564 0.998754 0.0498261 -0.639494 0.949855 -0.0183455 0.312151 22.2086
0.259704 0.0509501 -0.964343 -6.788 0.00413633 0.998539 0.0538707 -0.609556 0.96568 -0.0179793 0.259113 22.3179
0.208337 0.0553649 -0.976489 -7.36561 0.00773202 0.998272 0.0582496 -0.587992 0.978027 -0.0196858 0.207549 22.4282
0.160962 0.057115 -0.985307 -7.96136 0.0127001 0.998122 0.0599326 -0.573178 0.986879 -0.0221604 0.159935 22.4972
0.115604 0.0594871 -0.991513 -8.61444 0.0152758 0.997981 0.0616563 -0.549291 0.993178 -0.0222738 0.114462 22.5511
0.0758924 0.0579014 -0.995433 -9.25001 0.0160408 0.998112 0.0592802 -0.527657 0.996987 -0.0204665 0.0748204 22.5841
0.0389174 0.054334 -0.997764 -9.90828 0.0131346 0.998406 0.0548813 -0.504944 0.999156 -0.0152411 0.0381418 22.5845
0.0110967 0.0537738 -0.998491 -10.5752 0.0113226 0.998482 0.0538991 -0.462014 0.999874 -0.0119037 0.010471 22.5461
-0.0121835 0.0578386 -0.998252 -11.2684 0.0104267 0.998279 0.0577129 -0.433914 0.999871 -0.00970535 -0.0127656 22.4812
-0.0259043 0.0633927 -0.997652 -12.003 0.0116452 0.997939 0.0631085 -0.395859 0.999597 -0.00998303 -0.0265891 22.4632
-0.0338582 0.0656133 -0.997271 -12.7491 0.012661 0.997791 0.0652177 -0.35882 0.999346 -0.0104183 -0.0346141 22.4229
-0.0372634 0.0633749 -0.997294 -13.5239 0.0128473 0.997935 0.0629356 -0.320288 0.999223 -0.0104674 -0.0380006 22.3923
-0.0364572 0.059754 -0.997547 -14.2888 0.0193988 0.998065 0.0590761 -0.265889 0.999147 -0.0171975 -0.0375458 22.3705
-0.0323226 0.0588325 -0.997744 -15.1114 0.0297776 0.99788 0.0578758 -0.246749 0.999034 -0.0278398 -0.034006 22.3445
-0.0261404 0.0580722 -0.99797 -15.9485 0.0311394 0.997874 0.057251 -0.198483 0.999173 -0.0295796 -0.0278931 22.3002
-0.0209614 0.0563117 -0.998193 -16.8044 0.0291699 0.998022 0.0556895 -0.139195 0.999355 -0.0279498 -0.0225626 22.2596
-0.0185971 0.0520431 -0.998472 -17.6644 0.0343762 0.998087 0.0513828 -0.130602 0.999236 -0.0333681 -0.0203506 22.2612
-0.0171203 0.0426997 -0.998941 -18.5494 0.0315731 0.998613 0.0421445 -0.0866703 0.999355 -0.0308181 -0.0184447 22.258
-0.0162205 0.0342206 -0.999283 -19.4651 0.0250298 0.999115 0.0338086 -0.0432979 0.999555 -0.0244635 -0.0170627 22.2379
-0.0163125 0.0311113 -0.999383 -20.3689 0.0190858 0.999343 0.0307985 -0.0398865 0.999685 -0.0185716 -0.0168956 22.2294
-0.0201186 0.0349242 -0.999187 -21.3021 0.0104206 0.999343 0.0347198 -0.017228 0.999743 -0.00971365 -0.0204693 22.2089
-0.0245314 0.0429035 -0.998778 -22.2592 0.00574786 0.999068 0.0427748 0.0113447 0.999683 -0.00469151 -0.0247552 22.1914
-0.0292953 0.0515913 -0.998239 -23.2333 0.0032972 0.998667 0.0515167 0.0383567 0.999565 -0.0017822 -0.0294264 22.1317
-0.0311783 0.0622378 -0.997574 -24.2505 0.00167549 0.998061 0.0622158 0.0923185 0.999512 0.000268358 -0.0312222 22.0922
-0.0319646 0.070404 -0.997006 -25.2654 0.00367658 0.997518 0.0703222 0.139415 0.999482 -0.00141776 -0.0321441 22.0325
-0.0333644 0.0725804 -0.996804 -26.3037 0.00466218 0.99736 0.0724649 0.18458 0.999432 -0.00222954 -0.0336147 22.0042
-0.0340334 0.0700197 -0.996965 -27.3083 0.00297238 0.997545 0.069959 0.259095 0.999416 -0.000582419 -0.034158 21.9679
-0.037217 0.0660794 -0.99712 -28.3448 -0.00221288 0.997803 0.0662072 0.299717 0.999305 0.00467053 -0.036989 21.909
-0.0419097 0.0607455 -0.997273 -29.3552 -0.00290067 0.998138 0.0609201 0.338418 0.999117 0.0054459 -0.0416555 21.8566
-0.0457516 0.0564216 -0.997358 -30.3962 -1.53309e-05 0.998404 0.0564815 0.387202 0.998953 0.00259941 -0.0456777 21.8185
-0.0517507 0.0542522 -0.997185 -31.4456 -0.00251344 0.998513 0.0544549 0.430862 0.998657 0.00532444 -0.0515373 21.7774
-0.0580856 0.0559744 -0.996741 -32.4869 -0.000167183 0.998426 0.0560788 0.461418 0.998312 0.00342401 -0.0579848 21.6777
-0.0648886 0.0602112 -0.996074 -33.5533 -0.00221231 0.998167 0.0604818 0.502517 0.99789 0.00612821 -0.0646365 21.5994
-0.0737641 0.0624545 -0.995318 -34.6149 -0.0031722 0.998017 0.062859 0.552301 0.997271 0.00779408 -0.0734197 21.4518
-0.0777747 0.0647201 -0.994868 -35.6735 -0.00620981 0.99784 0.0653989 0.603618 0.996952 0.0112643 -0.0772048 21.3561
-0.0812021 0.0668585 -0.994453 -36.7537 -0.0102902 0.997638 0.0679129 0.65909 0.996645 0.0157478 -0.0803224 21.2505
-0.0818144 0.067481 -0.99436 -37.8243 -0.0141282 0.997526 0.0688583 0.717219 0.996547 0.0196821 -0.0806586 21.1494
-0.0843731 0.0676062 -0.994138 -38.901 -0.0161302 0.997472 0.0692019 0.768819 0.996304 0.0218745 -0.0830693 21.0536
-0.0856139 0.0675544 -0.994036 -39.972 -0.017363 0.997446 0.0692816 0.819832 0.996177 0.0231909 -0.0842223 20.9534
-0.0862945 0.0672491 -0.993997 -41.0432 -0.0181859 0.997447 0.0690612 0.871142 0.996104 0.0240363 -0.0848511 20.8263
-0.0883988 0.0668575 -0.993839 -42.1201 -0.0199105 0.997427 0.0688698 0.923947 0.995886 0.0258758 -0.0868402 20.7312
-0.0889644 0.0648397 -0.993922 -43.1901 -0.0238057 0.997455 0.067201 0.969564 0.99575 0.0296395 -0.0871945 20.6215
-0.0889431 0.0604642 -0.9942 -44.259 -0.0285786 0.99759 0.0632271 1.02775 0.995627 0.0340364 -0.0870007 20.5055
-0.0890567 0.059248 -0.994263 -45.3631 -0.0309892 0.997581 0.0622214 1.08267 0.995544 0.0363527 -0.0870053 20.3996
-0.0868226 0.0632054 -0.994217 -46.4945 -0.031168 0.997324 0.0661248 1.13296 0.995736 0.0367288 -0.0846203 20.2832
-0.0861631 0.0664093 -0.994065 -47.6012 -0.0325057 0.997057 0.0694267 1.18142 0.995751 0.0382948 -0.0837509 20.1826
-0.0837774 0.0661821 -0.994284 -48.69 -0.0304204 0.997157 0.0689365 1.23553 0.99602 0.0360218 -0.0815259 20.0898
-0.0820807 0.0654058 -0.994477 -49.7981 -0.0307257 0.997204 0.0681211 1.2951 0.996152 0.0361475 -0.0798415 19.9997
-0.0783437 0.0659247 -0.994744 -50.903 -0.0338893 0.997058 0.0687471 1.36072 0.99635 0.0390971 -0.0758791 19.9067
-0.0726278 0.0661614 -0.995162 -52.0125 -0.0381736 0.996882 0.0690617 1.42029 0.996628 0.0430047 -0.0698757 19.82
-0.0676221 0.066531 -0.99549 -53.1548 -0.0408847 0.996751 0.0693925 1.4755 0.996873 0.0453928 -0.0646823 19.7129
-0.0616935 0.0657826 -0.995925 -54.2672 -0.042263 0.996759 0.0684557 1.53277 0.9972 0.046314 -0.0587134 19.6384
-0.0566115 0.0653648 -0.996254 -55.3998 -0.0425161 0.996792 0.067816 1.58662 0.997491 0.046196 -0.0536508 19.5644
-0.050255 0.0659411 -0.996557 -56.5231 -0.0421035 0.996791 0.0680798 1.64049 0.997849 0.0453799 -0.0473173 19.5004
-0.0441184 0.0660997 -0.996837 -57.6745 -0.0419549 0.996806 0.0679544 1.69434 0.998145 0.0448203 -0.0412043 19.448
-0.0393097 0.0681466 -0.996901 -58.819 -0.0392342 0.996797 0.0696866 1.74313 0.998457 0.041852 -0.0365101 19.4024
-0.0346667 0.0685542 -0.997045 -59.9404 -0.0411507 0.996701 0.0699613 1.8088 0.998551 0.0434544 -0.0317313 19.345
-0.0280936 0.0686368 -0.997246 -61.0928 -0.0405938 0.996739 0.0697455 1.8701 0.998781 0.0424414 -0.0252158 19.3005
-0.0233201 0.0638197 -0.997689 -62.2432 -0.0406943 0.997073 0.0647315 1.92579 0.998899 0.0421098 -0.0206547 19.267
-0.0185328 0.0598253 -0.998037 -63.4053 -0.0403116 0.997352 0.0605328 1.98004 0.999015 0.0413543 -0.016072 19.25
-0.015597 0.0588871 -0.998143 -64.5358 -0.0419853 0.997345 0.0594961 2.03424 0.998996 0.0428353 -0.0130832 19.2181
-0.0120059 0.0608946 -0.998072 -65.7121 -0.0406099 0.997291 0.0613354 2.07755 0.999103 0.0412679 -0.00950047 19.2
-0.00869345 0.0605572 -0.998127 -66.8906 -0.040041 0.997343 0.0608584 2.11649 0.99916 0.0404951 -0.00624557 19.1872
-0.0065591 0.0610811 -0.998111 -68.0682 -0.0402089 0.997309 0.0612962 2.17935 0.99917 0.040535 -0.00408545 19.1662
-0.00545705 0.0618108 -0.998073 -69.2471 -0.0417018 0.997205 0.0619851 2.23292 0.999115 0.0419597 -0.00286418 19.1564
-0.00489409 0.0615056 -0.998095 -70.4136 -0.0422938 0.997201 0.0616579 2.28085 0.999093 0.042515 -0.00227908 19.1421
-0.00395986 0.0600077 -0.99819 -71.5873 -0.0436902 0.997234 0.0601235 2.32988 0.999037 0.0438492 -0.00132716 19.1287
-0.00237612 0.0598785 -0.998203 -72.7505 -0.0426471 0.997291 0.0599254 2.38036 0.999087 0.0427128 0.000183959 19.1175
-0.00267532 0.0590608 -0.998251 -73.9321 -0.0406109 0.997424 0.0591208 2.42286 0.999171 0.040698 -0.000269915 19.1291
-0.00258871 0.0596349 -0.998217 -75.1336 -0.0373468 0.997518 0.05969 2.46674 0.999299 0.0374348 -0.00035511 19.1297
-0.00248895 0.0625562 -0.998038 -76.3235 -0.0372016 0.997345 0.0626055 2.51261 0.999305 0.0372844 -0.000155156 19.1256
-0.00260099 0.0654608 -0.997852 -77.5188 -0.0379378 0.99713 0.0655123 2.56763 0.999277 0.0380267 -0.000110088 19.1052
-0.00238915 0.0654926 -0.99785 -78.7132 -0.0401104 0.997044 0.0655357 2.61806 0.999192 0.0401808 0.000244854 19.0979
-0.00186833 0.0646353 -0.997907 -79.8634 -0.0406867 0.997078 0.0646578 2.6733 0.99917 0.0407224 0.000766928 19.0886
-0.000960203 0.0624838 -0.998046 -81.037 -0.0404866 0.997225 0.0624713 2.73017 0.99918 0.0404675 0.00157222 19.0855
-0.000575844 0.0621212 -0.998068 -82.2158 -0.0390747 0.997305 0.0620962 2.77886 0.999236 0.039035 0.00185307 19.0842
-0.000781489 0.0633411 -0.997992 -83.3709 -0.0375233 0.997287 0.0633258 2.81794 0.999295 0.0374974 0.0015974 19.0737
-0.00104822 0.0654048 -0.997858 -84.5436 -0.0379914 0.997136 0.0653974 2.86606 0.999278 0.0379786 0.00143961 19.0584
-2.24756e-05 0.0672446 -0.997737 -85.7282 -0.0379649 0.997017 0.0671969 2.91597 0.999279 0.0378805 0.00253053 19.0574
-0.000617165 0.0669745 -0.997754 -86.8959 -0.0394304 0.996977 0.0669467 2.97198 0.999222 0.0393832 0.00202553 19.0504
1.09854e-05 0.0656668 -0.997842 -88.0733 -0.039016 0.997082 0.0656164 3.02274 0.999239 0.0389311 0.00257301 19.0523
-0.00071921 0.0653704 -0.997861 -89.245 -0.0377616 0.997148 0.0653509 3.08018 0.999287 0.0377278 0.00175133 19.0483
-0.000206338 0.0664517 -0.99779 -90.4132 -0.0366494 0.997119 0.0664146 3.12207 0.999328 0.0365821 0.00222967 19.0412
0.000794949 0.0690057 -0.997616 -91.5824 -0.0351716 0.997001 0.0689351 3.17452 0.999381 0.035033 0.00321961 19.0497
0.00081229 0.0711717 -0.997464 -92.751 -0.0334021 0.996909 0.0711049 3.22654 0.999442 0.0332597 0.00318707 19.0525
0.00153247 0.0722376 -0.997386 -93.9087 -0.0335712 0.996829 0.0721457 3.28995 0.999435 0.0333729 0.00395271 19.055
0.00246994 0.0738229 -0.997268 -95.0553 -0.0347255 0.996676 0.0736931 3.35902 0.999394 0.0344487 0.00502527 19.0401
0.0015435 0.0743003 -0.997235 -96.21 -0.0358728 0.996598 0.0741973 3.42019 0.999355 0.0356591 0.00420361 19.0124
0.00185682 0.0708363 -0.997486 -97.3591 -0.0379007 0.996776 0.0707153 3.47519 0.99928 0.0376741 0.00453557 19.0039
0.00121166 0.06945 -0.997585 -98.5146 -0.0401502 0.996784 0.0693456 3.5345 0.999193 0.0399692 0.0039962 18.9987
0.00175055 0.0682719 -0.997665 -99.6643 -0.0416433 0.996806 0.0681401 3.59112 0.999131 0.0414268 0.00458803 18.9964
0.00311986 0.0683581 -0.997656 -100.819 -0.0402939 0.996859 0.0681775 3.64186 0.999183 0.0399867 0.00586447 18.989
0.00254982 0.0701599 -0.997532 -101.97 -0.0398603 0.99675 0.070003 3.69715 0.999202 0.0395834 0.00533812 18.9842
0.0028983 0.0713249 -0.997449 -103.141 -0.0376763 0.996753 0.0711656 3.7542 0.999286 0.0373739 0.00557614 18.9929
0.00222365 0.0705779 -0.997504 -104.305 -0.040986 0.996675 0.0704278 3.81576 0.999157 0.0407271 0.00510896 18.9837
0.00153623 0.0718168 -0.997417 -105.46 -0.0446293 0.996429 0.071677 3.88842 0.999002 0.0444039 0.00473587 18.9887
0.00213693 0.0716182 -0.99743 -106.616 -0.0457889 0.996393 0.0714457 3.96562 0.998949 0.0455185 0.00540854 18.972
0.00223192 0.0684392 -0.997653 -107.799 -0.0485365 0.996487 0.0682507 4.02255 0.998819 0.0482702 0.00554588 18.9522
0.00180319 0.0651371 -0.997875 -108.997 -0.0508302 0.996592 0.0649615 4.08227 0.998706 0.050605 0.00510798 18.9468
0.00123894 0.0644569 -0.99792 -110.188 -0.0475276 0.996797 0.0643254 4.13643 0.998869 0.047349 0.00429845 18.9477
0.000300138 0.0640076 -0.997949 -111.389 -0.0427751 0.997037 0.0639362 4.18665 0.999085 0.0426682 0.00303718 18.9639
1.29239e-05 0.0646681 -0.997907 -112.565 -0.0423949 0.99701 0.0646094 4.24607 0.999101 0.0423054 0.00275449 18.9665
-0.00181664 0.0686488 -0.997639 -113.751 -0.0409111 0.996801 0.0686656 4.30147 0.999161 0.0409393 0.000997666 18.9631
-0.00286123 0.0687413 -0.99763 -114.972 -0.0389229 0.996871 0.0688006 4.36516 0.999238 0.0390275 -0.000176667 18.9406
-0.00221726 0.065243 -0.997867 -116.179 -0.038593 0.99712 0.0652799 4.42827 0.999253 0.0386555 0.000307044 18.9358
-0.00386733 0.0622761 -0.998051 -117.398 -0.0394663 0.997272 0.0623804 4.48893 0.999213 0.0396306 -0.00139898 18.9268
-0.00469071 0.0619391 -0.998069 -118.635 -0.0384794 0.99733 0.062074 4.54241 0.999248 0.0386962 -0.00229481 18.9285
-0.00559043 0.0624181 -0.998034 -119.889 -0.0397403 0.997248 0.0625915 4.59641 0.999194 0.0400121 -0.00309452 18.919
-0.00527315 0.0653983 -0.997845 -121.155 -0.0436226 0.996894 0.0655665 4.66116 0.999034 0.0438743 -0.00240393 18.9046
-0.00573441 0.069026 -0.997598 -122.409 -0.0493565 0.996379 0.0692253 4.71728 0.998765 0.049635 -0.00230677 18.8773
-0.0064081 0.0690815 -0.99759 -123.676 -0.0563855 0.995999 0.0693335 4.79012 0.998389 0.0566939 -0.00248727 18.8551
-0.00600452 0.067728 -0.997686 -124.94 -0.0591982 0.99593 0.0679651 4.85852 0.998228 0.0594693 -0.00197071 18.8303
-0.00654068 0.0668566 -0.997741 -126.188 -0.0611392 0.995869 0.067132 4.91944 0.998108 0.0614402 -0.00242609 18.8061
-0.00761065 0.0665553 -0.997754 -127.468 -0.0611759 0.995883 0.0668971 4.98035 0.998098 0.0615476 -0.00350774 18.7953
-0.00720388 0.0657849 -0.997808 -128.724 -0.0608237 0.995957 0.066102 5.03347 0.998123 0.0611665 -0.00317348 18.7767
-0.0073542 0.0661837 -0.99778 -129.994 -0.0612137 0.995906 0.0665106 5.08875 0.998098 0.061567 -0.00327274 18.7765
-0.00816509 0.0707864 -0.997458 -131.249 -0.0602259 0.995646 0.0711508 5.14839 0.998151 0.0606538 -0.00386636 18.752
-0.00842131 0.0742878 -0.997201 -132.486 -0.0592292 0.995449 0.0746575 5.21027 0.998209 0.0596921 -0.00398297 18.7407
-0.0086782 0.0732226 -0.997278 -133.744 -0.0594943 0.995511 0.0736106 5.28299 0.998191 0.0599711 -0.00428291 18.7186
-0.00758442 0.0726493 -0.997329 -135.015 -0.0594031 0.995563 0.0729724 5.35416 0.998205 0.0597978 -0.00323518 18.693
-0.00589813 0.0726077 -0.997343 -136.259 -0.0591378 0.99559 0.0728298 5.40943 0.998232 0.0594102 -0.00157826 18.6862
-0.00525216 0.0716618 -0.997415 -137.507 -0.0587487 0.995684 0.0718468 5.47734 0.998259 0.0589742 -0.00101946 18.6745
-0.00454653 0.0736697 -0.997272 -138.75 -0.0592178 0.995513 0.0738097 5.54268 0.998235 0.0593919 -0.000163573 18.6597
-0.0044561 0.0771948 -0.997006 -139.985 -0.0591222 0.995252 0.0773232 5.61197 0.998241 0.0592897 0.000128985 18.6479
-0.00306484 0.0784704 -0.996912 -141.223 -0.0603614 0.995084 0.0785122 5.68433 0.998172 0.0604156 0.00168681 18.6313
-0.00154064 0.0761697 -0.997094 -142.444 -0.0626383 0.99513 0.0761164 5.75623 0.998035 0.0625735 0.003238 18.6121
-0.00175189 0.073668 -0.997281 -143.685 -0.0622014 0.995344 0.0736342 5.82401 0.998062 0.0621613 0.00283852 18.618
-0.00145691 0.0727078 -0.997352 -144.94 -0.0600685 0.995546 0.0726638 5.88644 0.998193 0.0600153 0.00291703 18.6127
-0.000416277 0.0722063 -0.99739 -146.177 -0.0581413 0.995701 0.0721083 5.95011 0.998308 0.0580195 0.00378368 18.5997
-0.00110918 0.0718358 -0.997416 -147.412 -0.0557944 0.995858 0.0717856 6.01147 0.998442 0.0557298 0.00290344 18.6042
-0.00147664 0.0709367 -0.99748 -148.63 -0.0533925 0.996052 0.0709142 6.06554 0.998573 0.0533626 0.00231668 18.5955
-0.00297698 0.0706534 -0.997496 -149.876 -0.0523111 0.996124 0.0707123 6.13621 0.998626 0.0523907 0.000730518 18.588
-0.00330052 0.0735041 -0.997289 -151.094 -0.0504556 0.996012 0.073577 6.19791 0.998721 0.0505617 0.000421334 18.5777
-0.00178822 0.0752033 -0.997167 -152.333 -0.0473277 0.996044 0.0752035 6.25658 0.998878 0.0473281 0.00177804 18.5731
-0.00292729 0.0732443 -0.99731 -153.562 -0.0449285 0.996297 0.0733018 6.32165 0.998986 0.0450222 0.000374304 18.5658
-0.00366511 0.0735032 -0.997288 -154.771 -0.0462615 0.996215 0.0735941 6.39252 0.998923 0.0464058 -0.000250866 18.5537
-0.00333238 0.0785636 -0.996904 -156.008 -0.0468864 0.9958 0.0786334 6.45656 0.998895 0.0470032 0.000365182 18.5485
-0.00296113 0.084626 -0.996408 -157.237 -0.0506478 0.995121 0.0846672 6.53564 0.998712 0.0507166 0.00133943 18.5326
-0.00140732 0.0846669 -0.996408 -158.475 -0.0547295 0.994909 0.0846168 6.61358 0.9985 0.054652 0.00323362 18.5163
-0.0002498 0.0819096 -0.99664 -159.708 -0.0579425 0.994964 0.0817864 6.69265 0.99832 0.0577683 0.00449751 18.5009
0.0011595 0.0778605 -0.996964 -160.915 -0.060454 0.995146 0.0776482 6.76438 0.99817 0.0601804 0.00586085 18.4876
0.00153347 0.0759738 -0.997109 -162.09 -0.0619879 0.995199 0.075733 6.84251 0.998076 0.0616926 0.00623557 18.4766
0.0023042 0.0727004 -0.997351 -163.298 -0.0589985 0.995626 0.0724383 6.90454 0.998255 0.0586753 0.00658333 18.4877
0.00227029 0.0681353 -0.997674 -164.54 -0.0570123 0.996062 0.0678955 6.96495 0.998371 0.0567255 0.00614589 18.4985
0.00338696 0.0656055 -0.99784 -165.815 -0.0529775 0.996456 0.0653347 7.01223 0.99859 0.0526418 0.00685058 18.5099
0.00290826 0.0674167 -0.997721 -167.047 -0.0501176 0.996481 0.0671868 7.06934 0.998739 0.049808 0.00627679 18.5109
0.00316974 0.0735911 -0.997283 -168.256 -0.0484342 0.996129 0.073352 7.12793 0.998821 0.0480702 0.0067218 18.516
0.00326811 0.0758336 -0.997115 -169.478 -0.0497337 0.995899 0.0755781 7.20232 0.998757 0.0493432 0.00702619 18.5017
0.00443436 0.072974 -0.997324 -170.679 -0.0503882 0.996083 0.0726592 7.26388 0.99872 0.0499311 0.00809402 18.478
0.00656664 0.0734225 -0.997279 -171.894 -0.052534 0.995949 0.0729786 7.33753 0.998598 0.0519118 0.0103972 18.494
0.00768507 0.0749683 -0.997156 -173.132 -0.0514983 0.995892 0.0744764 7.39446 0.998644 0.0507795 0.0115142 18.5174
0.00762605 0.0737621 -0.997247 -174.329 -0.0513807 0.995987 0.0732761 7.45684 0.99865 0.0506804 0.0113854 18.5189
0.00911345 0.0725711 -0.997322 -175.475 -0.0520901 0.996043 0.0720021 7.51555 0.998601 0.0512944 0.0128576 18.5116
0.0111069 0.0744564 -0.997162 -176.635 -0.0529827 0.995867 0.0737695 7.58008 0.998534 0.052013 0.0150059 18.5121
0.013766 0.0761585 -0.997001 -177.765 -0.0523292 0.995784 0.075343 7.62851 0.998535 0.051135 0.0176933 18.5241
0.0138962 0.077271 -0.996913 -178.885 -0.0532635 0.995651 0.0764307 7.67863 0.998484 0.052037 0.0179515 18.5413
0.0141872 0.0783407 -0.996826 -179.956 -0.0541312 0.995524 0.077468 7.73729 0.998433 0.0528603 0.0183644 18.5527
0.0148487 0.0791205 -0.996754 -180.989 -0.0524925 0.995551 0.0782431 7.78243 0.998511 0.0511603 0.0189359 18.5656
0.0154916 0.0789544 -0.996758 -182.002 -0.053212 0.99553 0.0780301 7.82923 0.998463 0.0518307 0.0196237 18.574
0.0171962 0.0797724 -0.996665 -182.985 -0.0546027 0.9954 0.078729 7.87603 0.99836 0.0530668 0.0214729 18.586
0.0174483 0.0804467 -0.996606 -183.941 -0.0560056 0.995272 0.0793584 7.92928 0.998278 0.0544308 0.0218713 18.6023
0.0161005 0.0789383 -0.996749 -184.899 -0.0548389 0.995448 0.0779494 7.97606 0.998365 0.0534056 0.0203561 18.6197
0.013924 0.0765431 -0.996969 -185.816 -0.0521843 0.995763 0.0757216 8.02037 0.99854 0.0509718 0.0178593 18.6344
0.00934463 0.0735574 -0.997247 -186.745 -0.051869 0.995984 0.0729782 8.0667 0.99861 0.0510442 0.0131224 18.6415
0.00481342 0.0712725 -0.997445 -187.672 -0.052482 0.9961 0.0709231 8.11086 0.99861 0.0520065 0.00853517 18.6445
0.00128224 0.0700822 -0.99754 -188.575 -0.0536782 0.996108 0.0699126 8.16045 0.998557 0.0534565 0.00503914 18.6433
-0.00272405 0.0706691 -0.997496 -189.497 -0.0545122 0.996006 0.0707124 8.20842 0.998509 0.0545683 0.00113916 18.6283
-0.00454658 0.0714621 -0.997433 -190.407 -0.0532887 0.996009 0.071603 8.259 0.998569 0.0534774 -0.000720309 18.6292
-0.00676401 0.0729077 -0.997316 -191.327 -0.0507559 0.996028 0.0731578 8.29929 0.998688 0.0511145 -0.00303665 18.6171
-0.00717809 0.0738789 -0.997241 -192.24 -0.0515927 0.995911 0.0741518 8.34609 0.998642 0.0519827 -0.00333712 18.6149
-0.00748189 0.0732858 -0.997283 -193.146 -0.0515214 0.995958 0.0735749 8.39327 0.998644 0.0519319 -0.00367586 18.599
-0.00887317 0.0725471 -0.997326 -194.054 -0.0519 0.995987 0.0729115 8.43929 0.998613 0.0524082 -0.00507237 18.5829
-0.00891819 0.0720482 -0.997361 -194.938 -0.0552298 0.995843 0.0724324 8.49187 0.998434 0.0557301 -0.0049019 18.5673
-0.00860466 0.0707049 -0.99746 -195.83 -0.0563071 0.99588 0.0710787 8.52974 0.998376 0.0567757 -0.00458802 18.5424
-0.00719464 0.0680277 -0.997657 -196.745 -0.0580165 0.995974 0.0683313 8.58085 0.99829 0.0583722 -0.00321895 18.5215
-0.00629759 0.0658576 -0.997809 -197.651 -0.0587949 0.996078 0.0661145 8.62439 0.99825 0.0590824 -0.0024008 18.5023
-0.00608208 0.0658884 -0.997808 -198.554 -0.0587305 0.996081 0.0661323 8.66853 0.998255 0.059004 -0.00218859 18.4889
-0.00533455 0.0680323 -0.997669 -199.488 -0.0573558 0.99602 0.0682265 8.715 0.99834 0.0575861 -0.00141127 18.5035
-0.00539075 0.0683826 -0.997645 -200.435 -0.0563667 0.996052 0.068578 8.76329 0.998396 0.0566036 -0.00151497 18.5083
-0.00487419 0.0647407 -0.99789 -201.393 -0.0508126 0.996597 0.0649049 8.8068 0.998696 0.0510217 -0.00156796 18.5027
-0.00406211 0.061633 -0.998091 -202.307 -0.0505003 0.996813 0.0617596 8.85339 0.998716 0.0506548 -0.000936682 18.4968
-0.00357861 0.0624466 -0.998042 -203.266 -0.0550725 0.996521 0.062549 8.90448 0.998476 0.0551885 -0.000127069 18.4814
-0.00269325 0.065514 -0.997848 -204.222 -0.0561314 0.996268 0.0655618 8.95383 0.99842 0.0561872 0.000994194 18.4825
-0.000855906 0.065475 -0.997854 -205.217 -0.0538598 0.996403 0.065426 8.98793 0.998548 0.0538002 0.00267364 18.4778
0.000840633 0.0666659 -0.997775 -206.207 -0.053737 0.996337 0.0665245 9.03581 0.998555 0.0535615 0.00441998 18.4722
0.00288613 0.071013 -0.997471 -207.196 -0.0542387 0.996018 0.0707526 9.09971 0.998524 0.0538974 0.0067263 18.464
0.00448847 0.0755837 -0.997129 -208.191 -0.0513283 0.995842 0.0752551 9.15091 0.998672 0.0508432 0.00834939 18.4708
0.00590018 0.076509 -0.997051 -209.165 -0.0499417 0.995847 0.076121 9.20597 0.998735 0.0493453 0.00969667 18.4755
0.00842805 0.0767929 -0.997011 -210.159 -0.0521526 0.995724 0.0762528 9.26329 0.998604 0.0513541 0.012397 18.4605
0.0102007 0.0780251 -0.996899 -211.172 -0.0547475 0.995499 0.0773553 9.33363 0.998448 0.0537887 0.0144265 18.4542
0.0144011 0.0785159 -0.996809 -212.19 -0.0549928 0.995466 0.0776156 9.38981 0.998383 0.0536995 0.0186536 18.4548
0.0160093 0.0765522 -0.996937 -213.234 -0.0580571 0.995454 0.075506 9.45438 0.998185 0.0566705 0.0203809 18.4651
0.0190404 0.0748137 -0.997016 -214.256 -0.0590363 0.995541 0.0735756 9.51421 0.998074 0.0574592 0.0233722 18.4886
0.0213066 0.0736831 -0.997054 -215.276 -0.0581918 0.995681 0.0723381 9.57388 0.998078 0.0564791 0.0255024 18.503
0.023143 0.0755791 -0.996871 -216.321 -0.0587937 0.995515 0.0741113 9.63115 0.998002 0.0568946 0.0274828 18.5262
0.0250087 0.077776 -0.996657 -217.367 -0.059289 0.995329 0.0761847 9.7002 0.997928 0.0571855 0.0295031 18.5537
0.0254168 0.0780202 -0.996628 -218.427 -0.0591897 0.995318 0.0764082 9.76275 0.997923 0.057048 0.0299158 18.5774
0.0271499 0.0760785 -0.996732 -219.511 -0.0594831 0.995456 0.0743608 9.82474 0.99786 0.0572698 0.0315519 18.5943
0.0279926 0.0734454 -0.996906 -220.575 -0.0577137 0.995752 0.0717398 9.88452 0.997941 0.055527 0.0321125 18.6198
0.0275155 0.072939 -0.996957 -221.658 -0.055547 0.995905 0.071329 9.93662 0.998077 0.0534153 0.0314544 18.6483
0.0267567 0.0718983 -0.997053 -222.746 -0.0561507 0.995943 0.0703114 10.0008 0.998064 0.0541039 0.0306854 18.6721
0.0272421 0.0714563 -0.997072 -223.849 -0.0548108 0.996048 0.0698854 10.0552 0.998125 0.0527464 0.031051 18.6946
0.0274499 0.0724194 -0.996996 -224.953 -0.0577194 0.995823 0.070745 10.126 0.997955 0.0556041 0.0315152 18.7269
0.0276014 0.0744886 -0.99684 -226.08 -0.057871 0.995666 0.0727985 10.1869 0.997942 0.0556788 0.0317925 18.7416
0.0265454 0.0764755 -0.996718 -227.203 -0.058775 0.995464 0.0748139 10.2462 0.997918 0.0565961 0.0309199 18.7652
0.025471 0.0782169 -0.996611 -228.326 -0.0598382 0.995266 0.0765821 10.3111 0.997883 0.0576847 0.0300308 18.7985
0.0244566 0.0793179 -0.996549 -229.438 -0.0609193 0.995113 0.0777085 10.374 0.997843 0.0588086 0.0291691 18.8149
0.0233906 0.0779655 -0.996682 -230.579 -0.06341 0.995063 0.0763508 10.4518 0.997713 0.0614137 0.0282189 18.8439
0.0233393 0.0740031 -0.996985 -231.765 -0.0633216 0.995364 0.0724004 10.514 0.99772 0.0614409 0.027917 18.8711
0.0208294 0.0681312 -0.997459 -232.917 -0.0618976 0.995849 0.0667287 10.5836 0.997865 0.0603504 0.0249601 18.9067
0.0185861 0.0647541 -0.997728 -234.081 -0.0566354 0.996366 0.0636107 10.6396 0.998222 0.0553244 0.0221859 18.9294
0.0163876 0.0650056 -0.99775 -235.262 -0.0531088 0.996532 0.0640539 10.6924 0.998454 0.0519396 0.0197832 18.9564
0.0142015 0.0679429 -0.997588 -236.465 -0.0476768 0.9966 0.0671969 10.7417 0.998762 0.0466075 0.0173925 18.972
0.0141814 0.0703918 -0.997419 -237.659 -0.0413418 0.996707 0.0697538 10.8162 0.999044 0.0402458 0.0170449 18.9823
0.0130554 0.0701422 -0.997452 -238.845 -0.0397358 0.996785 0.0695752 10.8757 0.999125 0.0387263 0.0158005 18.9954
0.0108102 0.0708651 -0.997427 -240.049 -0.0395507 0.996735 0.0703873 10.941 0.999159 0.0386881 0.0135776 18.998
0.00796493 0.0718358 -0.997385 -241.271 -0.0394453 0.996663 0.0714687 11.0034 0.99919 0.0387729 0.0107719 18.9937
0.00559421 0.0713261 -0.997437 -242.516 -0.0393825 0.996695 0.0710521 11.0686 0.999209 0.0388841 0.00838472 18.9895
0.00356033 0.0702125 -0.997526 -243.752 -0.038943 0.996785 0.0700214 11.1403 0.999235 0.0385973 0.00628317 18.9927
0.00241718 0.0705777 -0.997503 -244.967 -0.0387884 0.996762 0.0704312 11.208 0.999245 0.0385213 0.00514695 18.9859
-0.000618189 0.071383 -0.997449 -246.202 -0.0389474 0.99669 0.0713528 11.2738 0.999241 0.0388921 0.00216404 18.9789
-0.00283016 0.0716251 -0.997428 -247.464 -0.039227 0.996656 0.071681 11.3347 0.999226 0.039329 -1.10517e-05 18.9613
-0.00430775 0.0729652 -0.997325 -248.719 -0.0400353 0.996522 0.0730794 11.407 0.999189 0.040243 -0.00137158 18.9385
-0.00756026 0.0745275 -0.99719 -249.98 -0.0408033 0.996365 0.0747752 11.4782 0.999139 0.041254 -0.00449182 18.9298
-0.00964861 0.0749442 -0.997141 -251.248 -0.042154 0.996271 0.0752866 11.5527 0.999065 0.0427599 -0.00645342 18.8973
-0.0101994 0.0756954 -0.997079 -252.497 -0.0442051 0.996122 0.0760749 11.627 0.99897 0.0448519 -0.00681367 18.8769
-0.0109835 0.0764833 -0.99701 -253.756 -0.0456385 0.995993 0.076908 11.6999 0.998898 0.0463468 -0.00744888 18.8384
-0.0108446 0.0757212 -0.99707 -255.009 -0.0453313 0.996066 0.076138 11.7652 0.998913 0.0460242 -0.00736935 18.8138
-0.0113703 0.0744236 -0.997162 -256.247 -0.0438471 0.99623 0.074854 11.8339 0.998974 0.0445738 -0.00806415 18.7917
-0.0117536 0.0744301 -0.997157 -257.497 -0.0431907 0.996257 0.074872 11.8986 0.998998 0.0439479 -0.00849497 18.7783
-0.0112547 0.0748189 -0.997134 -258.762 -0.0432495 0.996227 0.075239 11.9634 0.999001 0.0439723 -0.00797641 18.7708
-0.0108064 0.0745639 -0.997158 -260.035 -0.0410706 0.996341 0.074948 12.0327 0.999098 0.0417638 -0.00770449 18.7734
-0.0102995 0.0752186 -0.997114 -261.306 -0.0408468 0.996303 0.0755793 12.1012 0.999112 0.0415074 -0.00718895 18.7502
-0.0102247 0.0760776 -0.997049 -262.549 -0.039526 0.996292 0.0764251 12.1673 0.999166 0.0401908 -0.00717972 18.7399
-0.0103698 0.0782632 -0.996879 -263.799 -0.0349757 0.996294 0.0785811 12.2363 0.999334 0.0356814 -0.00759411 18.7354
-0.0104872 0.0820229 -0.996575 -265.057 -0.0323452 0.996081 0.0823226 12.3026 0.999422 0.0330978 -0.007793 18.7215
-0.0111926 0.0845041 -0.99636 -266.318 -0.0307249 0.995923 0.0848121 12.378 0.999465 0.0315623 -0.00855059 18.7057
-0.0102801 0.083518 -0.996453 -267.559 -0.0296308 0.996043 0.0837893 12.4564 0.999508 0.0303871 -0.0077647 18.6813
-0.00867966 0.0829751 -0.996514 -268.769 -0.0296763 0.996091 0.0831984 12.5343 0.999522 0.030295 -0.00618334 18.6652
-0.0101176 0.0856384 -0.996275 -270.011 -0.0356073 0.995663 0.0859474 12.6109 0.999315 0.0363442 -0.00702438 18.6411
-0.00989869 0.0909988 -0.995802 -271.256 -0.0399001 0.995022 0.0913242 12.7022 0.999155 0.0406366 -0.00621854 18.6093
-0.00978493 0.0897729 -0.995914 -272.492 -0.0444422 0.994939 0.0901216 12.7883 0.998964 0.0451425 -0.0057457 18.567
-0.00905679 0.0838737 -0.996435 -273.717 -0.046318 0.995371 0.0842052 12.8684 0.998886 0.0469155 -0.00513001 18.5433
-0.0088158 0.0805192 -0.996714 -274.91 -0.0448732 0.995717 0.0808355 12.952 0.998954 0.0454384 -0.00516489 18.5407
-0.00945337 0.0792897 -0.996807 -276.145 -0.0402022 0.996015 0.079608 13.023 0.999147 0.0408264 -0.00622808 18.5384
-0.0086877 0.0803284 -0.996731 -277.389 -0.0369627 0.996061 0.0805966 13.0912 0.999279 0.037542 -0.00568433 18.5246
-0.00744153 0.0820129 -0.996603 -278.621 -0.0359532 0.995965 0.0822288 13.1576 0.999326 0.036443 -0.00446287 18.5036
-0.00726673 0.0833357 -0.996495 -279.844 -0.0351269 0.995885 0.0835409 13.2362 0.999356 0.0356108 -0.00430951 18.491
-0.00501404 0.0854348 -0.996331 -281.057 -0.0356231 0.995696 0.0855596 13.3258 0.999353 0.0359214 -0.001949 18.4902
-0.0038301 0.0870774 -0.996194 -282.277 -0.0355736 0.995559 0.0871587 13.413 0.99936 0.035772 -0.000715439 18.464
-0.00364226 0.0866106 -0.996236 -283.497 -0.0356467 0.995598 0.0866855 13.4888 0.999358 0.0358282 -0.000538845 18.4438
-0.00336324 0.0845655 -0.996412 -284.71 -0.0362625 0.995752 0.0846319 13.5692 0.999337 0.036417 -0.000282398 18.4313
-0.00378856 0.0834215 -0.996507 -285.94 -0.0362323 0.995849 0.0835041 13.6437 0.999336 0.0364221 -0.000750275 18.4238
-0.00414052 0.0832856 -0.996517 -287.18 -0.0367627 0.995839 0.0833817 13.7246 0.999315 0.0369799 -0.00106149 18.4223
-0.00272671 0.0838128 -0.996478 -288.382 -0.0375386 0.995771 0.083856 13.8015 0.999291 0.037635 0.000431039 18.4138
-0.00279084 0.0843433 -0.996433 -289.604 -0.038517 0.995688 0.0843882 13.8796 0.999254 0.0386151 0.000469848 18.4018
-0.00259049 0.0847909 -0.996395 -290.82 -0.0381839 0.995664 0.084828 13.9539 0.999267 0.038266 0.00065839 18.3878
-0.00235248 0.0837401 -0.996485 -292.063 -0.038157 0.995754 0.0837688 14.0299 0.999269 0.0382199 0.000852776 18.3845
-0.000840954 0.0818228 -0.996647 -293.266 -0.0387656 0.995895 0.0817938 14.1025 0.999248 0.0387044 0.00233441 18.372
-0.00171869 0.0787481 -0.996893 -294.497 -0.0382221 0.996161 0.0787562 14.183 0.999268 0.0382387 0.00129783 18.3629
-0.00247137 0.0769583 -0.997031 -295.735 -0.0394434 0.996251 0.0769958 14.2591 0.999219 0.0395166 0.00057339 18.3686
-0.00304542 0.0769285 -0.997032 -296.96 -0.042824 0.996112 0.0769883 14.3336 0.999078 0.0429314 0.000260806 18.3574
-0.00340015 0.0782182 -0.99693 -298.156 -0.0466002 0.995841 0.0782917 14.4033 0.998908 0.0467234 0.000258974 18.351
-0.00453674 0.0786454 -0.996892 -299.375 -0.049221 0.995677 0.0787735 14.4784 0.998778 0.0494254 -0.000646124 18.332
-0.0038162 0.079019 -0.996866 -300.613 -0.0502655 0.995598 0.0791109 14.5523 0.998729 0.0504099 0.000172532 18.3041
-0.00392869 0.0778137 -0.99696 -301.848 -0.0500226 0.995704 0.0779129 14.6176 0.99874 0.0501766 -1.93733e-05 18.2877
-0.00398896 0.0756712 -0.997125 -303.08 -0.0476815 0.995984 0.0757753 14.6905 0.998855 0.0478467 -0.000364829 18.2774
-0.00391496 0.0756533 -0.997126 -304.305 -0.0448814 0.996116 0.0757528 14.7669 0.998985 0.045049 -0.000504336 18.2781
-0.00504609 0.0771795 -0.997004 -305.543 -0.0436929 0.996048 0.0773266 14.8405 0.999032 0.0439522 -0.00165395 18.2846
-0.00587781 0.0781594 -0.996924 -306.789 -0.0423026 0.996029 0.0783386 14.9048 0.999088 0.042633 -0.00254812 18.2785
